620979
614918
608641
604528
604527
602324
600208
595857
595831
591404
586929
584580
582378
582372
580170
580169
578164
548822
527751
509943
499308
496380
481527
457229
445946
441041
435989
433781
428507
421514
393487
370785
367245
333301
330385
325403
314411
310543
305521
301412
296329
276064
275464
258323
252913
242355
234170
212966
212130
204306
177967
176586
158149
141813
134726
129623
106787
99497
92034
87762
87097
81778
65989
65591
62467
59493
51634
45355
42944
39713
30006
24267
23573
22012
21951
19888
19877
13263
10577
8414
8411
6251
5056
3291
3269
2950
2354
2192
2155
2089
1969
1716
1628
1597
1333
1266
1207
1178
511
446
355
302
199
161
160
100
630591
634446
657860
659216
667901
690301
722002
734403
745773
754130
779554
784289
799151
813775
820838
841796
855745
861960
874559
880257
880262
895847
923982
940905
945041
968466
972230
1006727
1019940
1042211
